g++ -I /usr/include/eigen3 -O2 -std=c++17 main.cpp -o main
./main
ShermanMorrison y:  0.180903
0.0904514
 0.135677
 0.113064
 0.124371
 0.118717
 0.121544
 0.120131
 0.120837
 0.150693
LU y:  0.122332
 0.122691
 0.121973
 0.123408
 0.120538
 0.126278
 0.114798
 0.137758
0.0918386
 0.183677
Cholesky y: 0.142857
0.142857
0.142857
0.142857
0.142857
0.142857
0.142857
0.142857
0.142857
0.142857
QR y:  0.122332
 0.122691
 0.121973
 0.123408
 0.120538
 0.126278
 0.114798
 0.137758
0.0918386
 0.183677
ShermanMorrison y:  0.112853
0.0564263
0.0846395
0.0705329
0.0775862
0.0740596
0.0758229
0.0749412
0.0753821
0.0751616
0.0752718
0.0752167
0.0752443
0.0752305
0.0752374
 0.075234
0.0752357
0.0752348
0.0752353
0.0940439
LU y: 0.0759493
0.0759495
0.0759491
0.0759499
0.0759482
0.0759517
0.0759447
0.0759586
0.0759308
0.0759865
0.0758752
0.0760977
0.0756527
0.0765427
0.0747627
0.0783228
0.0712025
 0.085443
 0.056962
 0.113924
Cholesky y: 0.0833333
0.0833333
0.0833333
0.0833333
0.0833333
0.0833333
0.0833333
0.0833333
0.0833333
0.0833333
0.0833333
0.0833333
0.0833333
0.0833333
0.0833333
0.0833333
0.0833333
0.0833333
0.0833333
0.0833333
QR y: 0.0759493
0.0759495
0.0759491
0.0759499
0.0759482
0.0759517
0.0759447
0.0759586
0.0759308
0.0759865
0.0758752
0.0760977
0.0756527
0.0765427
0.0747627
0.0783228
0.0712025
 0.085443
 0.056962
 0.113924
ShermanMorrison y: 0.0820046
0.0410023
0.0615034
0.0512528
0.0563781
0.0538155
0.0550968
0.0544562
0.0547765
0.0546163
0.0546964
0.0546564
0.0546764
0.0546664
0.0546714
0.0546689
0.0546701
0.0546695
0.0546698
0.0546697
0.0546697
0.0546697
0.0546697
0.0546697
0.0546697
0.0546697
0.0546697
0.0546697
0.0546697
0.0683371
LU y: 0.0550459
0.0550459
0.0550459
0.0550459
0.0550459
0.0550459
0.0550459
0.0550459
0.0550459
0.0550459
0.0550458
 0.055046
0.0550457
0.0550463
 0.055045
0.0550476
0.0550425
0.0550526
0.0550324
0.0550727
0.0549921
0.0551534
0.0548308
0.0554759
0.0541858
0.0567661
0.0516055
0.0619266
0.0412844
0.0825688
Cholesky y: 0.0588235
0.0588235
0.0588235
0.0588235
0.0588235
0.0588235
0.0588235
0.0588235
0.0588235
0.0588235
0.0588235
0.0588235
0.0588235
0.0588235
0.0588235
0.0588235
0.0588235
0.0588235
0.0588235
0.0588235
0.0588235
0.0588235
0.0588235
0.0588235
0.0588235
0.0588235
0.0588235
0.0588235
0.0588235
0.0588235
QR y: 0.0550459
0.0550459
0.0550459
0.0550459
0.0550459
0.0550459
0.0550459
0.0550459
0.0550459
0.0550459
0.0550458
 0.055046
0.0550457
0.0550463
 0.055045
0.0550476
0.0550425
0.0550526
0.0550324
0.0550727
0.0549921
0.0551534
0.0548308
0.0554759
0.0541858
0.0567661
0.0516055
0.0619266
0.0412844
0.0825688
ShermanMorrison y: 0.0644007
0.0322004
0.0483005
0.0402504
0.0442755
 0.042263
0.0432692
0.0427661
0.0430177
0.0428919
0.0429548
0.0429233
0.0429391
0.0429312
0.0429351
0.0429332
0.0429341
0.0429336
0.0429339
0.0429338
0.0429338
0.0429338
0.0429338
0.0429338
0.0429338
0.0429338
0.0429338
0.0429338
0.0429338
0.0429338
0.0429338
0.0429338
0.0429338
0.0429338
0.0429338
0.0429338
0.0429338
0.0429338
0.0429338
0.0536673
LU y: 0.0431655
0.0431655
0.0431655
0.0431655
0.0431655
0.0431655
0.0431655
0.0431655
0.0431655
0.0431655
0.0431655
0.0431655
0.0431655
0.0431655
0.0431655
0.0431655
0.0431655
0.0431655
0.0431655
0.0431655
0.0431654
0.0431655
0.0431653
0.0431658
0.0431648
0.0431668
0.0431628
0.0431707
0.0431549
0.0431865
0.0431233
0.0432498
0.0429969
0.0435027
 0.042491
0.0445144
0.0404676
0.0485612
0.0323741
0.0647482
Cholesky y: 0.0454545
0.0454545
0.0454545
0.0454545
0.0454545
0.0454545
0.0454545
0.0454545
0.0454545
0.0454545
0.0454545
0.0454545
0.0454545
0.0454545
0.0454545
0.0454545
0.0454545
0.0454545
0.0454545
0.0454545
0.0454545
0.0454545
0.0454545
0.0454545
0.0454545
0.0454545
0.0454545
0.0454545
0.0454545
0.0454545
0.0454545
0.0454545
0.0454545
0.0454545
0.0454545
0.0454545
0.0454545
0.0454545
0.0454545
0.0454545
QR y: 0.0431655
0.0431655
0.0431655
0.0431655
0.0431655
0.0431655
0.0431655
0.0431655
0.0431655
0.0431655
0.0431655
0.0431655
0.0431655
0.0431655
0.0431655
0.0431655
0.0431655
0.0431655
0.0431655
0.0431655
0.0431654
0.0431655
0.0431653
0.0431658
0.0431648
0.0431668
0.0431628
0.0431707
0.0431549
0.0431865
0.0431233
0.0432498
0.0429969
0.0435027
 0.042491
0.0445144
0.0404676
0.0485612
0.0323741
0.0647482
ShermanMorrison y: 0.0530191
0.0265096
0.0397644
 0.033137
0.0364507
0.0347938
0.0356222
 0.035208
0.0354151
0.0353116
0.0353634
0.0353375
0.0353504
0.0353439
0.0353472
0.0353456
0.0353464
 0.035346
0.0353462
0.0353461
0.0353461
0.0353461
0.0353461
0.0353461
0.0353461
0.0353461
0.0353461
0.0353461
0.0353461
0.0353461
0.0353461
0.0353461
0.0353461
0.0353461
0.0353461
0.0353461
0.0353461
0.0353461
0.0353461
0.0353461
0.0353461
0.0353461
0.0353461
0.0353461
0.0353461
0.0353461
0.0353461
0.0353461
0.0353461
0.0441826
LU y:  0.035503
 0.035503
 0.035503
 0.035503
 0.035503
 0.035503
 0.035503
 0.035503
 0.035503
 0.035503
 0.035503
 0.035503
 0.035503
 0.035503
 0.035503
 0.035503
 0.035503
 0.035503
 0.035503
 0.035503
 0.035503
 0.035503
 0.035503
 0.035503
 0.035503
 0.035503
 0.035503
 0.035503
 0.035503
 0.035503
0.0355029
 0.035503
0.0355028
0.0355032
0.0355024
 0.035504
0.0355008
0.0355073
0.0354943
0.0355203
0.0354683
0.0355723
0.0353643
0.0357803
0.0349482
0.0366124
 0.033284
0.0399408
0.0266272
0.0532544
Cholesky y: 0.037037
0.037037
0.037037
0.037037
0.037037
0.037037
0.037037
0.037037
0.037037
0.037037
0.037037
0.037037
0.037037
0.037037
0.037037
0.037037
0.037037
0.037037
0.037037
0.037037
0.037037
0.037037
0.037037
0.037037
0.037037
0.037037
0.037037
0.037037
0.037037
0.037037
0.037037
0.037037
0.037037
0.037037
0.037037
0.037037
0.037037
0.037037
0.037037
0.037037
0.037037
0.037037
0.037037
0.037037
0.037037
0.037037
0.037037
0.037037
0.037037
0.037037
QR y:  0.035503
 0.035503
 0.035503
 0.035503
 0.035503
 0.035503
 0.035503
 0.035503
 0.035503
 0.035503
 0.035503
 0.035503
 0.035503
 0.035503
 0.035503
 0.035503
 0.035503
 0.035503
 0.035503
 0.035503
 0.035503
 0.035503
 0.035503
 0.035503
 0.035503
 0.035503
 0.035503
 0.035503
 0.035503
 0.035503
0.0355029
 0.035503
0.0355028
0.0355032
0.0355024
 0.035504
0.0355008
0.0355073
0.0354943
0.0355203
0.0354683
0.0355723
0.0353643
0.0357803
0.0349482
0.0366124
 0.033284
0.0399408
0.0266272
0.0532544
ShermanMorrison y: 0.0450563
0.0225282
0.0337922
0.0281602
0.0309762
0.0295682
0.0302722
0.0299202
0.0300962
0.0300082
0.0300522
0.0300302
0.0300412
0.0300357
0.0300385
0.0300371
0.0300378
0.0300374
0.0300376
0.0300375
0.0300376
0.0300375
0.0300376
0.0300375
0.0300375
0.0300375
0.0300375
0.0300375
0.0300375
0.0300375
0.0300375
0.0300375
0.0300375
0.0300375
0.0300375
0.0300375
0.0300375
0.0300375
0.0300375
0.0300375
0.0300375
0.0300375
0.0300375
0.0300375
0.0300375
0.0300375
0.0300375
0.0300375
0.0300375
0.0300375
0.0300375
0.0300375
0.0300375
0.0300375
0.0300375
0.0300375
0.0300375
0.0300375
0.0300375
0.0375469
LU y: 0.0301508
0.0301508
0.0301508
0.0301508
0.0301508
0.0301508
0.0301508
0.0301508
0.0301508
0.0301508
0.0301508
0.0301508
0.0301508
0.0301508
0.0301508
0.0301508
0.0301508
0.0301508
0.0301508
0.0301508
0.0301508
0.0301508
0.0301508
0.0301508
0.0301508
0.0301508
0.0301508
0.0301508
0.0301508
0.0301508
0.0301508
0.0301508
0.0301508
0.0301508
0.0301508
0.0301508
0.0301508
0.0301508
0.0301507
0.0301508
0.0301507
0.0301508
0.0301506
 0.030151
0.0301503
0.0301517
0.0301489
0.0301544
0.0301434
0.0301655
0.0301213
0.0302096
 0.030033
0.0303863
0.0296796
 0.031093
0.0282663
0.0339196
0.0226131
0.0452261
Cholesky y: 0.03125
0.03125
0.03125
0.03125
0.03125
0.03125
0.03125
0.03125
0.03125
0.03125
0.03125
0.03125
0.03125
0.03125
0.03125
0.03125
0.03125
0.03125
0.03125
0.03125
0.03125
0.03125
0.03125
0.03125
0.03125
0.03125
0.03125
0.03125
0.03125
0.03125
0.03125
0.03125
0.03125
0.03125
0.03125
0.03125
0.03125
0.03125
0.03125
0.03125
0.03125
0.03125
0.03125
0.03125
0.03125
0.03125
0.03125
0.03125
0.03125
0.03125
0.03125
0.03125
0.03125
0.03125
0.03125
0.03125
0.03125
0.03125
0.03125
0.03125
QR y: 0.0301508
0.0301508
0.0301508
0.0301508
0.0301508
0.0301508
0.0301508
0.0301508
0.0301508
0.0301508
0.0301508
0.0301508
0.0301508
0.0301508
0.0301508
0.0301508
0.0301508
0.0301508
0.0301508
0.0301508
0.0301508
0.0301508
0.0301508
0.0301508
0.0301508
0.0301508
0.0301508
0.0301508
0.0301508
0.0301508
0.0301508
0.0301508
0.0301508
0.0301508
0.0301508
0.0301508
0.0301508
0.0301508
0.0301507
0.0301508
0.0301507
0.0301508
0.0301506
 0.030151
0.0301503
0.0301517
0.0301489
0.0301544
0.0301434
0.0301655
0.0301213
0.0302096
 0.030033
0.0303863
0.0296796
 0.031093
0.0282663
0.0339196
0.0226131
0.0452261
ShermanMorrison y:  0.039173
0.0195865
0.0293798
0.0244831
0.0269314
0.0257073
0.0263194
0.0260133
0.0261663
0.0260898
0.0261281
 0.026109
0.0261185
0.0261137
0.0261161
0.0261149
0.0261155
0.0261152
0.0261154
0.0261153
0.0261154
0.0261153
0.0261153
0.0261153
0.0261153
0.0261153
0.0261153
0.0261153
0.0261153
0.0261153
0.0261153
0.0261153
0.0261153
0.0261153
0.0261153
0.0261153
0.0261153
0.0261153
0.0261153
0.0261153
0.0261153
0.0261153
0.0261153
0.0261153
0.0261153
0.0261153
0.0261153
0.0261153
0.0261153
0.0261153
0.0261153
0.0261153
0.0261153
0.0261153
0.0261153
0.0261153
0.0261153
0.0261153
0.0261153
0.0261153
0.0261153
0.0261153
0.0261153
0.0261153
0.0261153
0.0261153
0.0261153
0.0261153
0.0261153
0.0326442
LU y: 0.0262009
0.0262009
0.0262009
0.0262009
0.0262009
0.0262009
0.0262009
0.0262009
0.0262009
0.0262009
0.0262009
0.0262009
0.0262009
0.0262009
0.0262009
0.0262009
0.0262009
0.0262009
0.0262009
0.0262009
0.0262009
0.0262009
0.0262009
0.0262009
0.0262009
0.0262009
0.0262009
0.0262009
0.0262009
0.0262009
0.0262009
0.0262009
0.0262009
0.0262009
0.0262009
0.0262009
0.0262009
0.0262009
0.0262009
0.0262009
0.0262009
0.0262009
0.0262009
0.0262009
0.0262009
0.0262009
0.0262009
0.0262009
0.0262009
0.0262009
0.0262008
0.0262009
0.0262008
0.0262011
0.0262005
0.0262017
0.0261993
0.0262041
0.0261945
0.0262137
0.0261753
 0.026252
0.0260985
0.0264056
0.0257915
0.0270197
0.0245633
 0.029476
0.0196507
0.0393013
Cholesky y: 0.027027
0.027027
0.027027
0.027027
0.027027
0.027027
0.027027
0.027027
0.027027
0.027027
0.027027
0.027027
0.027027
0.027027
0.027027
0.027027
0.027027
0.027027
0.027027
0.027027
0.027027
0.027027
0.027027
0.027027
0.027027
0.027027
0.027027
0.027027
0.027027
0.027027
0.027027
0.027027
0.027027
0.027027
0.027027
0.027027
0.027027
0.027027
0.027027
0.027027
0.027027
0.027027
0.027027
0.027027
0.027027
0.027027
0.027027
0.027027
0.027027
0.027027
0.027027
0.027027
0.027027
0.027027
0.027027
0.027027
0.027027
0.027027
0.027027
0.027027
0.027027
0.027027
0.027027
0.027027
0.027027
0.027027
0.027027
0.027027
0.027027
0.027027
QR y: 0.0262009
0.0262009
0.0262009
0.0262009
0.0262009
0.0262009
0.0262009
0.0262009
0.0262009
0.0262009
0.0262009
0.0262009
0.0262009
0.0262009
0.0262009
0.0262009
0.0262009
0.0262009
0.0262009
0.0262009
0.0262009
0.0262009
0.0262009
0.0262009
0.0262009
0.0262009
0.0262009
0.0262009
0.0262009
0.0262009
0.0262009
0.0262009
0.0262009
0.0262009
0.0262009
0.0262009
0.0262009
0.0262009
0.0262009
0.0262009
0.0262009
0.0262009
0.0262009
0.0262009
0.0262009
0.0262009
0.0262009
0.0262009
0.0262009
0.0262009
0.0262008
0.0262009
0.0262008
0.0262011
0.0262005
0.0262017
0.0261993
0.0262041
0.0261945
0.0262137
0.0261753
 0.026252
0.0260985
0.0264056
0.0257915
0.0270197
0.0245633
 0.029476
0.0196507
0.0393013
ShermanMorrison y: 0.0346487
0.0173244
0.0259865
0.0216554
 0.023821
0.0227382
0.0232796
0.0230089
0.0231442
0.0230766
0.0231104
0.0230935
 0.023102
0.0230977
0.0230998
0.0230988
0.0230993
 0.023099
0.0230992
0.0230991
0.0230991
0.0230991
0.0230991
0.0230991
0.0230991
0.0230991
0.0230991
0.0230991
0.0230991
0.0230991
0.0230991
0.0230991
0.0230991
0.0230991
0.0230991
0.0230991
0.0230991
0.0230991
0.0230991
0.0230991
0.0230991
0.0230991
0.0230991
0.0230991
0.0230991
0.0230991
0.0230991
0.0230991
0.0230991
0.0230991
0.0230991
0.0230991
0.0230991
0.0230991
0.0230991
0.0230991
0.0230991
0.0230991
0.0230991
0.0230991
0.0230991
0.0230991
0.0230991
0.0230991
0.0230991
0.0230991
0.0230991
0.0230991
0.0230991
0.0230991
0.0230991
0.0230991
0.0230991
0.0230991
0.0230991
0.0230991
0.0230991
0.0230991
0.0230991
0.0288739
LU y:  0.023166
 0.023166
 0.023166
 0.023166
 0.023166
 0.023166
 0.023166
 0.023166
 0.023166
 0.023166
 0.023166
 0.023166
 0.023166
 0.023166
 0.023166
 0.023166
 0.023166
 0.023166
 0.023166
 0.023166
 0.023166
 0.023166
 0.023166
 0.023166
 0.023166
 0.023166
 0.023166
 0.023166
 0.023166
 0.023166
 0.023166
 0.023166
 0.023166
 0.023166
 0.023166
 0.023166
 0.023166
 0.023166
 0.023166
 0.023166
 0.023166
 0.023166
 0.023166
 0.023166
 0.023166
 0.023166
 0.023166
 0.023166
 0.023166
 0.023166
 0.023166
 0.023166
 0.023166
 0.023166
 0.023166
 0.023166
 0.023166
 0.023166
 0.023166
 0.023166
 0.023166
0.0231661
0.0231659
0.0231662
0.0231657
0.0231667
0.0231646
0.0231689
0.0231604
0.0231773
0.0231434
0.0232113
0.0230755
 0.023347
0.0228041
  0.02389
0.0217181
0.0260618
0.0173745
 0.034749
Cholesky y: 0.0238095
0.0238095
0.0238095
0.0238095
0.0238095
0.0238095
0.0238095
0.0238095
0.0238095
0.0238095
0.0238095
0.0238095
0.0238095
0.0238095
0.0238095
0.0238095
0.0238095
0.0238095
0.0238095
0.0238095
0.0238095
0.0238095
0.0238095
0.0238095
0.0238095
0.0238095
0.0238095
0.0238095
0.0238095
0.0238095
0.0238095
0.0238095
0.0238095
0.0238095
0.0238095
0.0238095
0.0238095
0.0238095
0.0238095
0.0238095
0.0238095
0.0238095
0.0238095
0.0238095
0.0238095
0.0238095
0.0238095
0.0238095
0.0238095
0.0238095
0.0238095
0.0238095
0.0238095
0.0238095
0.0238095
0.0238095
0.0238095
0.0238095
0.0238095
0.0238095
0.0238095
0.0238095
0.0238095
0.0238095
0.0238095
0.0238095
0.0238095
0.0238095
0.0238095
0.0238095
0.0238095
0.0238095
0.0238095
0.0238095
0.0238095
0.0238095
0.0238095
0.0238095
0.0238095
0.0238095
QR y:  0.023166
 0.023166
 0.023166
 0.023166
 0.023166
 0.023166
 0.023166
 0.023166
 0.023166
 0.023166
 0.023166
 0.023166
 0.023166
 0.023166
 0.023166
 0.023166
 0.023166
 0.023166
 0.023166
 0.023166
 0.023166
 0.023166
 0.023166
 0.023166
 0.023166
 0.023166
 0.023166
 0.023166
 0.023166
 0.023166
 0.023166
 0.023166
 0.023166
 0.023166
 0.023166
 0.023166
 0.023166
 0.023166
 0.023166
 0.023166
 0.023166
 0.023166
 0.023166
 0.023166
 0.023166
 0.023166
 0.023166
 0.023166
 0.023166
 0.023166
 0.023166
 0.023166
 0.023166
 0.023166
 0.023166
 0.023166
 0.023166
 0.023166
 0.023166
 0.023166
 0.023166
0.0231661
0.0231659
0.0231662
0.0231657
0.0231667
0.0231646
0.0231689
0.0231604
0.0231773
0.0231434
0.0232113
0.0230755
 0.023347
0.0228041
  0.02389
0.0217181
0.0260618
0.0173745
 0.034749
ShermanMorrison y: 0.0310613
0.0155306
0.0232959
0.0194133
0.0213546
 0.020384
0.0208693
0.0206266
 0.020748
0.0206873
0.0207176
0.0207025
  0.02071
0.0207062
0.0207081
0.0207072
0.0207077
0.0207074
0.0207075
0.0207075
0.0207075
0.0207075
0.0207075
0.0207075
0.0207075
0.0207075
0.0207075
0.0207075
0.0207075
0.0207075
0.0207075
0.0207075
0.0207075
0.0207075
0.0207075
0.0207075
0.0207075
0.0207075
0.0207075
0.0207075
0.0207075
0.0207075
0.0207075
0.0207075
0.0207075
0.0207075
0.0207075
0.0207075
0.0207075
0.0207075
0.0207075
0.0207075
0.0207075
0.0207075
0.0207075
0.0207075
0.0207075
0.0207075
0.0207075
0.0207075
0.0207075
0.0207075
0.0207075
0.0207075
0.0207075
0.0207075
0.0207075
0.0207075
0.0207075
0.0207075
0.0207075
0.0207075
0.0207075
0.0207075
0.0207075
0.0207075
0.0207075
0.0207075
0.0207075
0.0207075
0.0207075
0.0207075
0.0207075
0.0207075
0.0207075
0.0207075
0.0207075
0.0207075
0.0207075
0.0258844
LU y: 0.0207612
0.0207612
0.0207612
0.0207612
0.0207612
0.0207612
0.0207612
0.0207612
0.0207612
0.0207612
0.0207612
0.0207612
0.0207612
0.0207612
0.0207612
0.0207612
0.0207612
0.0207612
0.0207612
0.0207612
0.0207612
0.0207612
0.0207612
0.0207612
0.0207612
0.0207612
0.0207612
0.0207612
0.0207612
0.0207612
0.0207612
0.0207612
0.0207612
0.0207612
0.0207612
0.0207612
0.0207612
0.0207612
0.0207612
0.0207612
0.0207612
0.0207612
0.0207612
0.0207612
0.0207612
0.0207612
0.0207612
0.0207612
0.0207612
0.0207612
0.0207612
0.0207612
0.0207612
0.0207612
0.0207612
0.0207612
0.0207612
0.0207612
0.0207612
0.0207612
0.0207612
0.0207612
0.0207612
0.0207612
0.0207612
0.0207612
0.0207612
0.0207612
0.0207612
0.0207613
0.0207612
0.0207613
0.0207612
0.0207614
0.0207609
0.0207619
  0.02076
0.0207638
0.0207562
0.0207714
 0.020741
0.0208018
0.0206801
0.0209234
0.0204369
  0.02141
0.0194637
0.0233564
0.0155709
0.0311419
Cholesky y: 0.0212766
0.0212766
0.0212766
0.0212766
0.0212766
0.0212766
0.0212766
0.0212766
0.0212766
0.0212766
0.0212766
0.0212766
0.0212766
0.0212766
0.0212766
0.0212766
0.0212766
0.0212766
0.0212766
0.0212766
0.0212766
0.0212766
0.0212766
0.0212766
0.0212766
0.0212766
0.0212766
0.0212766
0.0212766
0.0212766
0.0212766
0.0212766
0.0212766
0.0212766
0.0212766
0.0212766
0.0212766
0.0212766
0.0212766
0.0212766
0.0212766
0.0212766
0.0212766
0.0212766
0.0212766
0.0212766
0.0212766
0.0212766
0.0212766
0.0212766
0.0212766
0.0212766
0.0212766
0.0212766
0.0212766
0.0212766
0.0212766
0.0212766
0.0212766
0.0212766
0.0212766
0.0212766
0.0212766
0.0212766
0.0212766
0.0212766
0.0212766
0.0212766
0.0212766
0.0212766
0.0212766
0.0212766
0.0212766
0.0212766
0.0212766
0.0212766
0.0212766
0.0212766
0.0212766
0.0212766
0.0212766
0.0212766
0.0212766
0.0212766
0.0212766
0.0212766
0.0212766
0.0212766
0.0212766
0.0212766
QR y: 0.0207612
0.0207612
0.0207612
0.0207612
0.0207612
0.0207612
0.0207612
0.0207612
0.0207612
0.0207612
0.0207612
0.0207612
0.0207612
0.0207612
0.0207612
0.0207612
0.0207612
0.0207612
0.0207612
0.0207612
0.0207612
0.0207612
0.0207612
0.0207612
0.0207612
0.0207612
0.0207612
0.0207612
0.0207612
0.0207612
0.0207612
0.0207612
0.0207612
0.0207612
0.0207612
0.0207612
0.0207612
0.0207612
0.0207612
0.0207612
0.0207612
0.0207612
0.0207612
0.0207612
0.0207612
0.0207612
0.0207612
0.0207612
0.0207612
0.0207612
0.0207612
0.0207612
0.0207612
0.0207612
0.0207612
0.0207612
0.0207612
0.0207612
0.0207612
0.0207612
0.0207612
0.0207612
0.0207612
0.0207612
0.0207612
0.0207612
0.0207612
0.0207612
0.0207612
0.0207613
0.0207612
0.0207613
0.0207612
0.0207614
0.0207609
0.0207619
  0.02076
0.0207638
0.0207562
0.0207714
 0.020741
0.0208018
0.0206801
0.0209234
0.0204369
  0.02141
0.0194637
0.0233564
0.0155709
0.0311419
ShermanMorrison y:  0.028147
0.0140735
0.0211102
0.0175919
0.0193511
0.0184715
0.0189113
0.0186914
0.0188013
0.0187463
0.0187738
0.0187601
 0.018767
0.0187635
0.0187652
0.0187644
0.0187648
0.0187646
0.0187647
0.0187646
0.0187647
0.0187647
0.0187647
0.0187647
0.0187647
0.0187647
0.0187647
0.0187647
0.0187647
0.0187647
0.0187647
0.0187647
0.0187647
0.0187647
0.0187647
0.0187647
0.0187647
0.0187647
0.0187647
0.0187647
0.0187647
0.0187647
0.0187647
0.0187647
0.0187647
0.0187647
0.0187647
0.0187647
0.0187647
0.0187647
0.0187647
0.0187647
0.0187647
0.0187647
0.0187647
0.0187647
0.0187647
0.0187647
0.0187647
0.0187647
0.0187647
0.0187647
0.0187647
0.0187647
0.0187647
0.0187647
0.0187647
0.0187647
0.0187647
0.0187647
0.0187647
0.0187647
0.0187647
0.0187647
0.0187647
0.0187647
0.0187647
0.0187647
0.0187647
0.0187647
0.0187647
0.0187647
0.0187647
0.0187647
0.0187647
0.0187647
0.0187647
0.0187647
0.0187647
0.0187647
0.0187647
0.0187647
0.0187647
0.0187647
0.0187647
0.0187647
0.0187647
0.0187647
0.0187647
0.0234558
LU y: 0.0188088
0.0188088
0.0188088
0.0188088
0.0188088
0.0188088
0.0188088
0.0188088
0.0188088
0.0188088
0.0188088
0.0188088
0.0188088
0.0188088
0.0188088
0.0188088
0.0188088
0.0188088
0.0188088
0.0188088
0.0188088
0.0188088
0.0188088
0.0188088
0.0188088
0.0188088
0.0188088
0.0188088
0.0188088
0.0188088
0.0188088
0.0188088
0.0188088
0.0188088
0.0188088
0.0188088
0.0188088
0.0188088
0.0188088
0.0188088
0.0188088
0.0188088
0.0188088
0.0188088
0.0188088
0.0188088
0.0188088
0.0188088
0.0188088
0.0188088
0.0188088
0.0188088
0.0188088
0.0188088
0.0188088
0.0188088
0.0188088
0.0188088
0.0188088
0.0188088
0.0188088
0.0188088
0.0188088
0.0188088
0.0188088
0.0188088
0.0188088
0.0188088
0.0188088
0.0188088
0.0188088
0.0188088
0.0188088
0.0188088
0.0188088
0.0188088
0.0188088
0.0188088
0.0188088
0.0188088
0.0188088
0.0188088
0.0188087
0.0188089
0.0188085
0.0188094
0.0188076
0.0188111
0.0188042
 0.018818
0.0187904
0.0188455
0.0187353
0.0189557
0.0185149
0.0193966
0.0176332
0.0211599
0.0141066
0.0282132
Cholesky y: 0.0192308
0.0192308
0.0192308
0.0192308
0.0192308
0.0192308
0.0192308
0.0192308
0.0192308
0.0192308
0.0192308
0.0192308
0.0192308
0.0192308
0.0192308
0.0192308
0.0192308
0.0192308
0.0192308
0.0192308
0.0192308
0.0192308
0.0192308
0.0192308
0.0192308
0.0192308
0.0192308
0.0192308
0.0192308
0.0192308
0.0192308
0.0192308
0.0192308
0.0192308
0.0192308
0.0192308
0.0192308
0.0192308
0.0192308
0.0192308
0.0192308
0.0192308
0.0192308
0.0192308
0.0192308
0.0192308
0.0192308
0.0192308
0.0192308
0.0192308
0.0192308
0.0192308
0.0192308
0.0192308
0.0192308
0.0192308
0.0192308
0.0192308
0.0192308
0.0192308
0.0192308
0.0192308
0.0192308
0.0192308
0.0192308
0.0192308
0.0192308
0.0192308
0.0192308
0.0192308
0.0192308
0.0192308
0.0192308
0.0192308
0.0192308
0.0192308
0.0192308
0.0192308
0.0192308
0.0192308
0.0192308
0.0192308
0.0192308
0.0192308
0.0192308
0.0192308
0.0192308
0.0192308
0.0192308
0.0192308
0.0192308
0.0192308
0.0192308
0.0192308
0.0192308
0.0192308
0.0192308
0.0192308
0.0192308
0.0192308
QR y: 0.0188088
0.0188088
0.0188088
0.0188088
0.0188088
0.0188088
0.0188088
0.0188088
0.0188088
0.0188088
0.0188088
0.0188088
0.0188088
0.0188088
0.0188088
0.0188088
0.0188088
0.0188088
0.0188088
0.0188088
0.0188088
0.0188088
0.0188088
0.0188088
0.0188088
0.0188088
0.0188088
0.0188088
0.0188088
0.0188088
0.0188088
0.0188088
0.0188088
0.0188088
0.0188088
0.0188088
0.0188088
0.0188088
0.0188088
0.0188088
0.0188088
0.0188088
0.0188088
0.0188088
0.0188088
0.0188088
0.0188088
0.0188088
0.0188088
0.0188088
0.0188088
0.0188088
0.0188088
0.0188088
0.0188088
0.0188088
0.0188088
0.0188088
0.0188088
0.0188088
0.0188088
0.0188088
0.0188088
0.0188088
0.0188088
0.0188088
0.0188088
0.0188088
0.0188088
0.0188088
0.0188088
0.0188088
0.0188088
0.0188088
0.0188088
0.0188088
0.0188088
0.0188088
0.0188088
0.0188088
0.0188088
0.0188088
0.0188087
0.0188089
0.0188085
0.0188094
0.0188076
0.0188111
0.0188042
 0.018818
0.0187904
0.0188455
0.0187353
0.0189557
0.0185149
0.0193966
0.0176332
0.0211599
0.0141066
0.0282132
ShermanMorrison y: 0.0257327
0.0128663
0.0192995
0.0160829
0.0176912
0.0168871
0.0172891
0.0170881
0.0171886
0.0171384
0.0171635
0.0171509
0.0171572
0.0171541
0.0171556
0.0171548
0.0171552
 0.017155
0.0171551
0.0171551
0.0171551
0.0171551
0.0171551
0.0171551
0.0171551
0.0171551
0.0171551
0.0171551
0.0171551
0.0171551
0.0171551
0.0171551
0.0171551
0.0171551
0.0171551
0.0171551
0.0171551
0.0171551
0.0171551
0.0171551
0.0171551
0.0171551
0.0171551
0.0171551
0.0171551
0.0171551
0.0171551
0.0171551
0.0171551
0.0171551
0.0171551
0.0171551
0.0171551
0.0171551
0.0171551
0.0171551
0.0171551
0.0171551
0.0171551
0.0171551
0.0171551
0.0171551
0.0171551
0.0171551
0.0171551
0.0171551
0.0171551
0.0171551
0.0171551
0.0171551
0.0171551
0.0171551
0.0171551
0.0171551
0.0171551
0.0171551
0.0171551
0.0171551
0.0171551
0.0171551
0.0171551
0.0171551
0.0171551
0.0171551
0.0171551
0.0171551
0.0171551
0.0171551
0.0171551
0.0171551
0.0171551
0.0171551
0.0171551
0.0171551
0.0171551
0.0171551
0.0171551
0.0171551
0.0171551
0.0171551
0.0171551
0.0171551
0.0171551
0.0171551
0.0171551
0.0171551
0.0171551
0.0171551
0.0171551
0.0214439
LU y:  0.017192
 0.017192
 0.017192
 0.017192
 0.017192
 0.017192
 0.017192
 0.017192
 0.017192
 0.017192
 0.017192
 0.017192
 0.017192
 0.017192
 0.017192
 0.017192
 0.017192
 0.017192
 0.017192
 0.017192
 0.017192
 0.017192
 0.017192
 0.017192
 0.017192
 0.017192
 0.017192
 0.017192
 0.017192
 0.017192
 0.017192
 0.017192
 0.017192
 0.017192
 0.017192
 0.017192
 0.017192
 0.017192
 0.017192
 0.017192
 0.017192
 0.017192
 0.017192
 0.017192
 0.017192
 0.017192
 0.017192
 0.017192
 0.017192
 0.017192
 0.017192
 0.017192
 0.017192
 0.017192
 0.017192
 0.017192
 0.017192
 0.017192
 0.017192
 0.017192
 0.017192
 0.017192
 0.017192
 0.017192
 0.017192
 0.017192
 0.017192
 0.017192
 0.017192
 0.017192
 0.017192
 0.017192
 0.017192
 0.017192
 0.017192
 0.017192
 0.017192
 0.017192
 0.017192
 0.017192
 0.017192
 0.017192
 0.017192
 0.017192
 0.017192
 0.017192
 0.017192
 0.017192
 0.017192
 0.017192
 0.017192
 0.017192
0.0171919
0.0171921
0.0171917
0.0171925
0.0171909
0.0171941
0.0171878
0.0172004
0.0171752
0.0172256
0.0171248
0.0173263
0.0169234
0.0177292
0.0161175
 0.019341
 0.012894
 0.025788
Cholesky y: 0.0175439
0.0175439
0.0175439
0.0175439
0.0175439
0.0175439
0.0175439
0.0175439
0.0175439
0.0175439
0.0175439
0.0175439
0.0175439
0.0175439
0.0175439
0.0175439
0.0175439
0.0175439
0.0175439
0.0175439
0.0175439
0.0175439
0.0175439
0.0175439
0.0175439
0.0175439
0.0175439
0.0175439
0.0175439
0.0175439
0.0175439
0.0175439
0.0175439
0.0175439
0.0175439
0.0175439
0.0175439
0.0175439
0.0175439
0.0175439
0.0175439
0.0175439
0.0175439
0.0175439
0.0175439
0.0175439
0.0175439
0.0175439
0.0175439
0.0175439
0.0175439
0.0175439
0.0175439
0.0175439
0.0175439
0.0175439
0.0175439
0.0175439
0.0175439
0.0175439
0.0175439
0.0175439
0.0175439
0.0175439
0.0175439
0.0175439
0.0175439
0.0175439
0.0175439
0.0175439
0.0175439
0.0175439
0.0175439
0.0175439
0.0175439
0.0175439
0.0175439
0.0175439
0.0175439
0.0175439
0.0175439
0.0175439
0.0175439
0.0175439
0.0175439
0.0175439
0.0175439
0.0175439
0.0175439
0.0175439
0.0175439
0.0175439
0.0175439
0.0175439
0.0175439
0.0175439
0.0175439
0.0175439
0.0175439
0.0175439
0.0175439
0.0175439
0.0175439
0.0175439
0.0175439
0.0175439
0.0175439
0.0175439
0.0175439
0.0175439
QR y:  0.017192
 0.017192
 0.017192
 0.017192
 0.017192
 0.017192
 0.017192
 0.017192
 0.017192
 0.017192
 0.017192
 0.017192
 0.017192
 0.017192
 0.017192
 0.017192
 0.017192
 0.017192
 0.017192
 0.017192
 0.017192
 0.017192
 0.017192
 0.017192
 0.017192
 0.017192
 0.017192
 0.017192
 0.017192
 0.017192
 0.017192
 0.017192
 0.017192
 0.017192
 0.017192
 0.017192
 0.017192
 0.017192
 0.017192
 0.017192
 0.017192
 0.017192
 0.017192
 0.017192
 0.017192
 0.017192
 0.017192
 0.017192
 0.017192
 0.017192
 0.017192
 0.017192
 0.017192
 0.017192
 0.017192
 0.017192
 0.017192
 0.017192
 0.017192
 0.017192
 0.017192
 0.017192
 0.017192
 0.017192
 0.017192
 0.017192
 0.017192
 0.017192
 0.017192
 0.017192
 0.017192
 0.017192
 0.017192
 0.017192
 0.017192
 0.017192
 0.017192
 0.017192
 0.017192
 0.017192
 0.017192
 0.017192
 0.017192
 0.017192
 0.017192
 0.017192
 0.017192
 0.017192
 0.017192
 0.017192
 0.017192
 0.017192
0.0171919
0.0171921
0.0171917
0.0171925
0.0171909
0.0171941
0.0171878
0.0172004
0.0171752
0.0172256
0.0171248
0.0173263
0.0169234
0.0177292
0.0161175
 0.019341
 0.012894
 0.025788
ShermanMorrison y: 0.0236998
0.0118499
0.0177749
0.0148124
0.0162936
 0.015553
0.0159233
0.0157382
0.0158307
0.0157844
0.0158076
 0.015796
0.0158018
0.0157989
0.0158004
0.0157996
   0.0158
0.0157998
0.0157999
0.0157999
0.0157999
0.0157999
0.0157999
0.0157999
0.0157999
0.0157999
0.0157999
0.0157999
0.0157999
0.0157999
0.0157999
0.0157999
0.0157999
0.0157999
0.0157999
0.0157999
0.0157999
0.0157999
0.0157999
0.0157999
0.0157999
0.0157999
0.0157999
0.0157999
0.0157999
0.0157999
0.0157999
0.0157999
0.0157999
0.0157999
0.0157999
0.0157999
0.0157999
0.0157999
0.0157999
0.0157999
0.0157999
0.0157999
0.0157999
0.0157999
0.0157999
0.0157999
0.0157999
0.0157999
0.0157999
0.0157999
0.0157999
0.0157999
0.0157999
0.0157999
0.0157999
0.0157999
0.0157999
0.0157999
0.0157999
0.0157999
0.0157999
0.0157999
0.0157999
0.0157999
0.0157999
0.0157999
0.0157999
0.0157999
0.0157999
0.0157999
0.0157999
0.0157999
0.0157999
0.0157999
0.0157999
0.0157999
0.0157999
0.0157999
0.0157999
0.0157999
0.0157999
0.0157999
0.0157999
0.0157999
0.0157999
0.0157999
0.0157999
0.0157999
0.0157999
0.0157999
0.0157999
0.0157999
0.0157999
0.0157999
0.0157999
0.0157999
0.0157999
0.0157999
0.0157999
0.0157999
0.0157999
0.0157999
0.0157999
0.0197498
LU y: 0.0158311
0.0158311
0.0158311
0.0158311
0.0158311
0.0158311
0.0158311
0.0158311
0.0158311
0.0158311
0.0158311
0.0158311
0.0158311
0.0158311
0.0158311
0.0158311
0.0158311
0.0158311
0.0158311
0.0158311
0.0158311
0.0158311
0.0158311
0.0158311
0.0158311
0.0158311
0.0158311
0.0158311
0.0158311
0.0158311
0.0158311
0.0158311
0.0158311
0.0158311
0.0158311
0.0158311
0.0158311
0.0158311
0.0158311
0.0158311
0.0158311
0.0158311
0.0158311
0.0158311
0.0158311
0.0158311
0.0158311
0.0158311
0.0158311
0.0158311
0.0158311
0.0158311
0.0158311
0.0158311
0.0158311
0.0158311
0.0158311
0.0158311
0.0158311
0.0158311
0.0158311
0.0158311
0.0158311
0.0158311
0.0158311
0.0158311
0.0158311
0.0158311
0.0158311
0.0158311
0.0158311
0.0158311
0.0158311
0.0158311
0.0158311
0.0158311
0.0158311
0.0158311
0.0158311
0.0158311
0.0158311
0.0158311
0.0158311
0.0158311
0.0158311
0.0158311
0.0158311
0.0158311
0.0158311
0.0158311
0.0158311
0.0158311
0.0158311
0.0158311
0.0158311
0.0158311
0.0158311
0.0158311
0.0158311
0.0158311
0.0158311
0.0158312
0.0158311
0.0158313
0.0158309
0.0158316
0.0158302
0.0158331
0.0158273
0.0158389
0.0158157
0.0158621
0.0157693
0.0159548
0.0155838
0.0163259
0.0148417
  0.01781
0.0118734
0.0237467
Cholesky y: 0.016129
0.016129
0.016129
0.016129
0.016129
0.016129
0.016129
0.016129
0.016129
0.016129
0.016129
0.016129
0.016129
0.016129
0.016129
0.016129
0.016129
0.016129
0.016129
0.016129
0.016129
0.016129
0.016129
0.016129
0.016129
0.016129
0.016129
0.016129
0.016129
0.016129
0.016129
0.016129
0.016129
0.016129
0.016129
0.016129
0.016129
0.016129
0.016129
0.016129
0.016129
0.016129
0.016129
0.016129
0.016129
0.016129
0.016129
0.016129
0.016129
0.016129
0.016129
0.016129
0.016129
0.016129
0.016129
0.016129
0.016129
0.016129
0.016129
0.016129
0.016129
0.016129
0.016129
0.016129
0.016129
0.016129
0.016129
0.016129
0.016129
0.016129
0.016129
0.016129
0.016129
0.016129
0.016129
0.016129
0.016129
0.016129
0.016129
0.016129
0.016129
0.016129
0.016129
0.016129
0.016129
0.016129
0.016129
0.016129
0.016129
0.016129
0.016129
0.016129
0.016129
0.016129
0.016129
0.016129
0.016129
0.016129
0.016129
0.016129
0.016129
0.016129
0.016129
0.016129
0.016129
0.016129
0.016129
0.016129
0.016129
0.016129
0.016129
0.016129
0.016129
0.016129
0.016129
0.016129
0.016129
0.016129
0.016129
0.016129
QR y: 0.0158311
0.0158311
0.0158311
0.0158311
0.0158311
0.0158311
0.0158311
0.0158311
0.0158311
0.0158311
0.0158311
0.0158311
0.0158311
0.0158311
0.0158311
0.0158311
0.0158311
0.0158311
0.0158311
0.0158311
0.0158311
0.0158311
0.0158311
0.0158311
0.0158311
0.0158311
0.0158311
0.0158311
0.0158311
0.0158311
0.0158311
0.0158311
0.0158311
0.0158311
0.0158311
0.0158311
0.0158311
0.0158311
0.0158311
0.0158311
0.0158311
0.0158311
0.0158311
0.0158311
0.0158311
0.0158311
0.0158311
0.0158311
0.0158311
0.0158311
0.0158311
0.0158311
0.0158311
0.0158311
0.0158311
0.0158311
0.0158311
0.0158311
0.0158311
0.0158311
0.0158311
0.0158311
0.0158311
0.0158311
0.0158311
0.0158311
0.0158311
0.0158311
0.0158311
0.0158311
0.0158311
0.0158311
0.0158311
0.0158311
0.0158311
0.0158311
0.0158311
0.0158311
0.0158311
0.0158311
0.0158311
0.0158311
0.0158311
0.0158311
0.0158311
0.0158311
0.0158311
0.0158311
0.0158311
0.0158311
0.0158311
0.0158311
0.0158311
0.0158311
0.0158311
0.0158311
0.0158311
0.0158311
0.0158311
0.0158311
0.0158311
0.0158312
0.0158311
0.0158313
0.0158309
0.0158316
0.0158302
0.0158331
0.0158273
0.0158389
0.0158157
0.0158621
0.0157693
0.0159548
0.0155838
0.0163259
0.0148417
  0.01781
0.0118734
0.0237467
make: 'main' is up to date.
